Ano;Localidade;Count;Média;Max;Min;Std;
2010;Brasil;346541.000000;38.935507;90.000000;0.000000;14.618440;
2011;Brasil;302224.000000;42.388671;93.200000;0.000000;15.661494;
2012;Brasil;469556.000000;38.019321;94.000000;0.000000;13.892578;
2013;Brasil;168941.000000;44.819209;92.400000;0.000000;14.854149;
2014;Brasil;396713.000000;44.343968;97.400000;0.000000;14.653347;
2015;Brasil;448245.000000;44.496038;95.500000;0.000000;13.976034;
2010;RO;3008.000000;36.854953;85.900000;0.000000;13.054651;
2011;RO;1381.000000;40.573715;84.400000;0.000000;15.030552;
2012;RO;2509.000000;36.858151;77.900000;0.000000;12.609087;
2013;RO;1694;42.836009445100295;83.5;1.9;12.876264317207745;
2014;RO;2609;42.20594097355309;83.1;0.0;13.6646149471725;
2015;RO;2696;42.72232937685453;86.9;0.0;13.396397707194225;
2010;AC;1276.00000;35.00000;82.700000;0.000000;12.524792;
2011;AC;878.000000;40.076651;83.500000;0.000000;13.414556;
2012;AC;771.000000;37.044617;74.300000;0.000000;12.790100;
2013;AC;588;44.295408163265286;83.6;10.5;14.070526761372104;
2014;AC;1297;38.68180416345407;79.9;0.0;12.941582020729646;
2015;AC;956;43.20355648535569;81.6;0.0;12.064909435805484;
2010;AM;6368.000000;36.138725;81.1000;0.000000;12.706413;
2011;AM;4276.000000;41.658255;85.700000;0.000000;13.413808;
2012;AM;5804.000000;36.565110;82.600000;0.000000;11.975768;
2013;AM;2683;40.961796496459144;82.3;8.4;12.986129727611113;
2014;AM;6963;39.18177509694093;86.6;0.0;13.327315645846182;
2015;AM;7329;42.42215854823313;89.5;0.0;12.76485831221259;
2010;RR;1185.000000;36.422700;79.600000;0.000000;13.688976;
2011;RR;1121.000000;41.337913;77.300000;0.000000;13.603029;
2012;RR;870.000000;35.382414;72.600000;0.000000;13.596455;
2013;RR;443;41.37088036117376;77.9;0.0;13.960465702005642;
2014;RR;1267;38.70749802683505;84.1;0.0;12.64442189388682;
2015;RR;832;42.23557692307692;86.7;0.0;13.0616213762314;
2010;PA;5456.000000;39.087812;85.800000;0.000000;15.749582; 
2011;PA;6598.000000;41.382661;89.400000;0.000000;15.726016;
2012;PA;5251.000000;37.930832;79.500000;0.000000;13.556167;
2013;PA;2215;43.30604966139957;85.6;0.0;13.12118657010369;
2014;PA;10530;40.88912630579297;87.3;0.0;14.504250411000031;
2015;PA;5470;45.53296160877504;89.5;0.0;14.113594394124997;
2010;AP;877.000000;35.701254;76.800000;0.000000;11.834250;
2011;AP;1121.000000;42.572346;15.343645;0.000000;83.700000
2012;AP;1026.000000;38.463548;73.600000;0.000000;12.175015;
2013;AP;475;41.30968421052631;74.7;10.3;12.53623738568961;
2014;AP;2305;40.231019522776535;85.0;0.0;13.9492982590592;
2015;AP;1155;41.62363636363635;81.2;9.8;12.049927357888604;
2010;TO;13774.000000;31.897415;86.800000;0.000000;11.479817;
2011;TO;8041.000000;36.513195;13.684439;0.000000;86.200000;
2012;TO;3206.000000;34.010979;80.900000;0.000000;13.000717;
2013;TO;2264;40.46400176678444;82.6;1.9;14.037144968321892;
2014;TO;3182;40.265650534255194;83.6;0.0;13.65030541696948;
2015;TO;2705;40.80136783733824;85.2;0.0;13.250587864303643;
2010;MA;5312.000000;38.994804;90.900000;0.000000;14.823377;     
2011;MA;4643.000000;42.631187;86.300000;0.000000;14.169980;
2012;MA;4325.000000;37.591723;86.400000;0.000000;13.588632;
2013;MA;2759;45.04965567234515;84.6;0.0;13.489176726180903;
2014;MA;7552;41.972364936440655;86.9;0.0;14.006407347005888;
2015;MA;5711;42.66580283663114;82.7;0.0;13.521311266671834;
2010;PI;6026.000000;40.011218;89.600000;0.000000;14.441203;
2011;PI;3827.000000;43.584061;82.600000;0.000000;14.182858;
2012;PI;4862.000000;38.761086;80.900000;0.000000;13.605739;
2013;PI;3572;47.751455767077154;88.3;7.4;13.670120253418846;
2014;PI;7923;40.08551053893743;84.5;0.0;13.540527666928309;
2015;PI;4892;44.93385118560921;90.0;0.0;14.140633243769223;
2010;CE;7818.000000;41.408954;90.100000;0.000000;14.844773;
2011;CE;6105.000000;43.005651;89.800000;0.000000;15.685928;
2012;CE;10700.000000;40.159925;89.300000;0.000000;14.269819;
2013;CE;5013;47.97584280869738;87.6;0.0;15.19829967337524;
2014;CE;8234;45.34493563274232;90.8;0.0;14.661536920215914;
2015;CE;10501;46.43039710503744;89.5;0.0;14.098514333226595;
2010;RN;5617.000000;39.406409;89.900000;0.000000;15.535262;
2011;RN;3441.000000;46.275821;87.000000;0.000000;14.404655;
2012;RN;6501.000000;38.263236;81.900000;0.000000;13.912042;
2013;RN;2448;48.92128267973863;88.5;0.0;14.64074459156706;
2014;RN;5006;45.384298841390255;88.7;0.0;14.322123374689495;
2015;RN;5525;45.9529411764704;90.2;0.0;14.790376104985143;
2010;PB;6340.000000;40.184748;90.900000;0.000000;14.675832;
2011;PB;4757.000000;45.016229;87.900000;0.000000;13.900195;
2012;PB;5170.000000;39.013559;83.400000;0.000000;13.618472;
2013;PB;3425;47.25462773722625;87.2;0.0;13.592158709099662;
2014;PB;5704;45.13241584852736;91.0;0.0;13.938016870232145;
2015;PB;5847;44.89351804344105;86.8;0.0;13.527345780865597;
2010;PE;8501.000000;41.583026;86.400000;0.000000;14.893393;
2011;PE;9294.000000;39.797784;86.300000;0.000000;15.971953;
2012;PE;14281.000000;37.170219;84.700000;0.000000;14.046241;
2013;PE;5180;46.681467181467056;86.3;0.0;13.716806980981728;
2014;PE;11693;42.93712477550692;88.8;0.0;14.979070111571275;
2015;PE;16315;43.78449892736743;92.4;0.0;14.090016458352846;
2010;AL;4240.000000;38.933113;86.600000;0.000000;14.868826;
2011;AL;5335.000000;38.772502;83.500000;0.000000;14.881409;
2012;AL;3842.000000;37.126523;86.300000;0.000000;13.791446;
2013;AL;2808;44.18422364672364;85.4;0.0;14.706692154408065;
2014;AL;5345;40.666866230121556;89.0;0.0;14.54463436628975;
2015;AL;4439;41.83505293985128;89.6;0.0;14.358633075438556;
2010;SE;3475.000000;36.111050;84.900000;0.000000;14.949932;
2011;SE;2312.000000;41.848140;84.000000;0.000000;14.976446;
2012;SE;3332.000000;38.837125;82.900000;0.000000;14.069694;
2013;SE;1860;43.829032258064515;85.9;0.0;14.466183457601216;
2014;SE;4827;40.11116635591451;87.3;0.0;14.033202946679317;
2015;SE;3696;44.02581168831168;89.2;0.0;14.196212092360954;
2010;BA;17877.000000;38.729188;90.600000;0.000000;15.230543;
2011;BA;12565.000000;41.123947;87.700000;0.000000;17.545907;
2012;BA;16520.000000;37.350182;85.100000;0.000000;13.935385;
2013;BA;8441;45.89233503139438;89.3;0.0;14.884567113649167;
2014;BA;22263;42.60178771953478;91.1;0.0;14.645394318331318;
2015;BA;15553;44.33258535330813;92.5;0.0;13.816426819573719;
2010;MG;41510.000000;41.419429;89.800000;0.000000;14.458313;
2011;MG;28287.000000;43.344982;89.800000;0.000000;15.391361;
2012;MG;44513.000000;39.705929;87.400000;0.000000;14.077707;
2013;MG;19159;46.89544339474941;89.7;0.0;14.274071984778603;
2014;MG;40860;46.75297846304446;97.4;0.0;14.238701257939237;
2015;MG;43149;46.77132262624836;95.5;0.0;14.0834842777479;
2010;ES;5258.000000;39.981875;89.000000;0.000000;15.095390;
2011;ES;4237.000000;43.982865;86.900000;0.000000;16.214806;
2012;ES;6683.000000;38.634640;85.000000;0.000000;15.598711;
2013;ES;2392;47.88637123745805;87.9;0.0;14.492858907293243;
2014;ES;6412;48.07428259513383;91.3;0.0;14.260508658205554;
2015;ES;6032;48.370474137931055;94.4;0.0;13.97622285929552;
2010;RJ;27853.000000;39.141550;89.400000;0.000000;15.687332;
2011;RJ;29230.000000;41.194129;90.800000;0.000000;17.017775;
2012;RJ;39192.000000;37.774161;85.900000;0.000000;14.471441;
2013;RJ;13149;43.68037873602574;92.4;0.0;14.9422721375206;
2014;RJ;28614;46.47266722583371;94.7;0.0;15.75435916499709;
2015;RJ;35267;46.137250120508746;93.4;0.0;14.33249487367951;
2010;SP;73592.000000;38.924071;89.100000;0.000000;14.459981;
2011;SP;73806.000000;42.384817;93.200000;0.000000;16.120518;
2012;SP;129457.000000;37.747291;89.600000;0.00000;13.743066;
2013;SP;33215;45.1428992924887;87.3;0.0;15.61563499591316;
2014;SP;100730;44.422609947384395;95.3;0.0;14.624860418661346;
2015;SP;114904;44.3810067534633;92.9;0.0;13.721759044371307;
2010;PR;34950.000000;37.549903;86.200000;0.000000;14.122152;
2011;PR;29860.000000;44.632257;90.000000;0.000000;14.650709;
2012;PR;52314.000000;38.266389;87.400000;0.000000;13.616201;
2013;PR;18876;42.344696969697125;89.6;0.0;14.752509772632347;
2014;PR;40733;44.91021284953212;89.7;0.0;14.452139425518775;
2015;PR;56099;43.38758444892072;92.9;0.0;13.839222433106952;
2010;SC;12705.000000;38.462322;82.700000;0.000000;14.725592;
2011;SC;12081.000000;42.362727;87.800000;0.000000;15.322527;
2012;SC;25100.000000;39.230813;85.300000;0.000000;13.606051;
2013;SC;6303;45.39497064889734;85.1;0.0;14.339993578499783;
2014;SC;19235;44.43339225370449;91.5;0.0;14.659198035412556;
2015;SC;24113;44.84112719280053;92.9;0.0;13.618228494165333;
2010;RS;19434.000000;41.846769;89.200000;0.000000;14.777246;
2011;RS;25064.000000;43.768369;90.000000;0.000000;15.082242;
2012;RS;31347.000000;39.074862;88.000000;0.000000;14.133058;
2013;RS;10938;46.722892667763844;89.8;0.0;15.263344677521061;
2014;RS;19645;47.710608297276885;96.1;0.0;14.386402862278032;
2015;RS;29459;46.06363420346959;92.8;0.0;13.816184151501009;
2010;MS;10068.000000;35.751440;87.500000;0.000000;12.964827;
2011;MS;5440.000000;43.157224;85.700000;0.000000;13.731799;
2012;MS;16412.000000;34.603168;85.600000;0.000000;13.491000;
2013;MS;6927;35.83236610365246;87.8;0.0;13.247123288258395;
2014;MS;11211;43.205904914815726;91.9;0.0;14.195852911451066;
2015;MS;15489;38.78954096455572;85.5;0.0;12.953105197141255;
2010;MT;6496.00000;39.43924;83.70000;0.00000;14.05640;
2011;MT;4146.000000;41.158562;82.700000;0.00000;14.575456;
2012;MT;7083.000000;37.059664;80.700000;0.00000;12.697928;
2013;MT;3130;47.73996805111823;87.4;0.0;12.948224081710377;
2014;MT;4770;43.45622641509436;86.3;0.0;13.135987937304384;
2015;MT;6712;41.583075089392096;89.6;0.0;12.765027854426993;
2010;GO;11451.000000;38.795048;87.500000;0.000000;13.810703;
2011;GO;8960.000000;41.380792;90.100000;0.000000;14.354152;
2012;GO;13704.000000;36.718257;88.200000;0.00000;13.252644;
2013;GO;5825;44.43819742489279;88.2;0.0;14.087514754427382;
2014;GO;10469;42.353395739803275;88.6;0.0;14.08012265608673;
2015;GO;12843;42.339461185081376;87.9;0.0;13.92357765529011;
2010;DF;6074.000000;38.885743;87.300000;0.000000;15.241378;
2011;DF;5418.000000;41.976818;87.700000;0.000000;16.708807;
2012;DF;14781.000000;37.320087;94.00000;0.000000;14.468196;
2013;DF;3159;46.3136119025009;92.1;0.0;14.573394589351253;
2014;DF;7334;44.28901008999164;92.2;0.0;15.074231949541378;
2015;DF;10556;45.74384236453206;91.5;0.0;15.608321305014153;