ano educacao_total ensino_superior proporcao cr_total cr_sup
2004 17303144820.00 6370188385.00 36.82 21.50 0
2005 21022574093.00 8857250180.00 42.13 21.50 39.04
2006 21671079236.00 8470484270.00 39.09 3.08 -4.37
2007 27580147716.00 10430640102.00 37.82 27.27 23.14
2008 31714041624.00 11174420431.00 35.23 14.99 7.13
2009 40524634534.00 11287439975.00 27.85 27.78 1.01
2010 50903730817.00 15431008111.00 30.31 25.61 36.71
2011 63707154459.00 18297845686.00 28.72 25.15 18.58
2012 74280373427.00 21255241424.00 28.61 16.60 16.16
2013 81286804881.00 22945769296.00 28.23 9.43 7.95
2014 94490661520.00 27126624776.00 28.71 16.24 18.22
2015 103363287099.00 31270005663.00 30.25 9.39 15.27
2016 99788884740.00 30844899466.00 30.91 -3.46 -1.36
2017 107517408946.00 32948682863.00 30.64 7.74 6.82
