ano count mean std min Q_1 Q_2 Q_3 max
2004 155402.000000 29.628143 17.218625 0.000000 19.300000 30.000000 41.100000 88.500000
2005 306167.000000 33.709877 17.802095 0.000000 24.500000 34.700001 45.299999 93.699997
2006 462980.000000 32.409144 19.279559 0.000000 21.800000 34.800000 46.100000 91.900000
2007 215305.000000 35.670821 19.844517 0.000000 24.700001 37.200001 49.400002 93.699997
2008 461032.000000 31.976922 19.732850 0.000000 21.200001 33.900002 45.400002 95.099998
2009 760976.000000 40.018042 16.440914 0.000000 27.600000 38.700000 51.500000 97.700000
2010 346541.000000 38.935507 14.618440 0.000000 28.800000 38.500000 48.800000 90.900000
2011 302224.000000 42.388671 15.661494 0.000000 31.900000 42.700000 53.500000 93.200000
2012 469556.000000 38.019321 13.892578 0.000000 28.100000 37.600000 47.600000 94.000000
2013 168941.000000 44.819209 14.854149 0.000000 34.600000 45.000000 55.300000 92.400000
2014 396713.000000 44.343968 14.653347 0.000000 33.800000 44.000000 54.600000 97.400000
2015 448245.000000 44.496038 13.976034 0.000000 34.400000 43.700000 54.100000 95.500000
2016 195764.000000 47.151318 15.053975 0.000000 36.200000 46.800000 58.000000 93.200000
2017 449932.000000 43.523969 14.080110 0.000000 33.400000 42.900000 53.100000 98.100000




